[gd_scene load_steps=14 format=3 uid="uid://l4w04v37cfpu"]

[ext_resource type="Texture2D" uid="uid://c6w04pgma5jyu" path="res://sprites/card_back.png" id="1_d4k0w"]
[ext_resource type="Script" path="res://scripts/card.gd" id="2_ujo4m"]
[ext_resource type="Script" path="res://scripts/state_machine.gd" id="3_5q3v2"]
[ext_resource type="Script" path="res://scripts/states/unit/pawn.gd" id="4_ytyle"]
[ext_resource type="Script" path="res://scripts/states/unit/king.gd" id="5_ku4ih"]
[ext_resource type="Script" path="res://scripts/states/unit/rook.gd" id="5_o4j58"]
[ext_resource type="Script" path="res://scripts/states/unit/bishop.gd" id="6_okp10"]

[sub_resource type="QuadMesh" id="QuadMesh_pky6t"]
size = Vector2(0.71, 0.96)

[sub_resource type="StandardMaterial3D" id="StandardMaterial3D_hmknt"]
resource_local_to_scene = true
transparency = 1
shading_mode = 0
albedo_texture = ExtResource("1_d4k0w")
texture_filter = 0

[sub_resource type="BoxShape3D" id="BoxShape3D_4moew"]
size = Vector3(0.71, 0.96, 0.43)

[sub_resource type="Curve3D" id="Curve3D_gi6xi"]
bake_interval = 0.07
_data = {
"points": PackedVector3Array(0, 0, 0, 0, 0, 0, -0.34, 0.48, 0, 0, 0, 0, 0, 0, 0, -0.34, -0.48, 0, 0, 0, 0, 0, 0, 0, 0.34, -0.48, 0, 0, 0, 0, 0, 0, 0, 0.34, 0.48, 0, 0, 0, 0, 0, 0, 0, -0.34, 0.48, 0),
"tilts": PackedFloat32Array(0, 0, 0, 0, 0)
}
point_count = 5

[sub_resource type="Gradient" id="Gradient_oohh0"]
offsets = PackedFloat32Array(0, 0.409091)
colors = PackedColorArray(0, 0, 0, 0, 1, 1, 1, 1)

[sub_resource type="GradientTexture2D" id="GradientTexture2D_wl1qd"]
gradient = SubResource("Gradient_oohh0")
width = 4
height = 2
fill_from = Vector2(0, 1)

[node name="card" type="MeshInstance3D"]
mesh = SubResource("QuadMesh_pky6t")
surface_material_override/0 = SubResource("StandardMaterial3D_hmknt")
script = ExtResource("2_ujo4m")

[node name="Area3D" type="Area3D" parent="."]

[node name="CollisionShape3D" type="CollisionShape3D" parent="Area3D"]
shape = SubResource("BoxShape3D_4moew")

[node name="SelectOutline" type="Path3D" parent="."]
transform = Transform3D(1, 0, 0, 0, 0.965, 0, 0, 0, 1, 0, 0, 0)
curve = SubResource("Curve3D_gi6xi")

[node name="PathFollow3D" type="PathFollow3D" parent="SelectOutline"]
transform = Transform3D(4.37114e-08, -3.82136e-15, 0.999998, -8.74228e-08, -0.999998, 0, 1, -8.74226e-08, -4.37113e-08, -0.34, 0.48, 0)
progress = 3.28501
cubic_interp = false

[node name="Sprite3D" type="Sprite3D" parent="SelectOutline/PathFollow3D"]
transform = Transform3D(-4.37114e-08, 0.00520206, 0.999986, -0.00520191, 0.999973, -0.00520199, -0.999986, -0.00520184, 2.7017e-05, 0, 0, 0)
texture = SubResource("GradientTexture2D_wl1qd")

[node name="PathFollow3D2" type="PathFollow3D" parent="SelectOutline"]
transform = Transform3D(4.37114e-08, -3.82136e-15, 0.999998, -8.74228e-08, -0.999998, 0, 1, -8.74226e-08, -4.37113e-08, -0.263919, 0.48, 0)
progress = 3.20289

[node name="Sprite3D" type="Sprite3D" parent="SelectOutline/PathFollow3D2"]
transform = Transform3D(-4.37114e-08, 0.00520206, 0.999986, -0.00520191, 0.999973, -0.00520199, -0.999986, -0.00520184, 2.7017e-05, 0, 0, 0)
texture = SubResource("GradientTexture2D_wl1qd")

[node name="PathFollow3D3" type="PathFollow3D" parent="SelectOutline"]
transform = Transform3D(4.37114e-08, -3.82136e-15, 0.999998, -8.74228e-08, -0.999998, 0, 1, -8.74226e-08, -4.37113e-08, -0.180837, 0.48, 0)
progress = 3.12076

[node name="Sprite3D" type="Sprite3D" parent="SelectOutline/PathFollow3D3"]
transform = Transform3D(-4.37114e-08, 0.00520206, 0.999986, -0.00520191, 0.999973, -0.00520199, -0.999986, -0.00520184, 2.7017e-05, 0, 0, 0)
texture = SubResource("GradientTexture2D_wl1qd")

[node name="PathFollow3D4" type="PathFollow3D" parent="SelectOutline"]
transform = Transform3D(4.37114e-08, -3.82136e-15, 0.999998, -8.74228e-08, -0.999998, 0, 1, -8.74226e-08, -4.37113e-08, -0.0990239, 0.48, 0)
progress = 3.03864

[node name="Sprite3D" type="Sprite3D" parent="SelectOutline/PathFollow3D4"]
transform = Transform3D(-4.37114e-08, 0.00520206, 0.999986, -0.00520191, 0.999973, -0.00520199, -0.999986, -0.00520184, 2.7017e-05, 0, 0, 0)
texture = SubResource("GradientTexture2D_wl1qd")

[node name="PathFollow3D5" type="PathFollow3D" parent="SelectOutline"]
transform = Transform3D(4.37114e-08, -3.82136e-15, 0.999998, -8.74228e-08, -0.999998, 0, 1, -8.74226e-08, -4.37113e-08, -0.0165604, 0.48, 0)
progress = 2.95651

[node name="Sprite3D" type="Sprite3D" parent="SelectOutline/PathFollow3D5"]
transform = Transform3D(-4.37114e-08, 0.00520206, 0.999986, -0.00520191, 0.999973, -0.00520199, -0.999986, -0.00520184, 2.7017e-05, 0, 0, 0)
texture = SubResource("GradientTexture2D_wl1qd")

[node name="PathFollow3D7" type="PathFollow3D" parent="SelectOutline"]
transform = Transform3D(4.37114e-08, -3.82136e-15, 0.999998, -8.74228e-08, -0.999998, 0, 1, -8.74226e-08, -4.37113e-08, 0.0656452, 0.48, 0)
progress = 2.87439

[node name="Sprite3D" type="Sprite3D" parent="SelectOutline/PathFollow3D7"]
transform = Transform3D(-4.37114e-08, 0.00520206, 0.999986, -0.00520191, 0.999973, -0.00520199, -0.999986, -0.00520184, 2.7017e-05, 0, 0, 0)
texture = SubResource("GradientTexture2D_wl1qd")

[node name="PathFollow3D8" type="PathFollow3D" parent="SelectOutline"]
transform = Transform3D(4.37114e-08, -3.82136e-15, 0.999998, -8.74228e-08, -0.999998, 0, 1, -8.74226e-08, -4.37113e-08, 0.148313, 0.48, 0)
progress = 2.79226

[node name="Sprite3D" type="Sprite3D" parent="SelectOutline/PathFollow3D8"]
transform = Transform3D(-4.37114e-08, 0.00520206, 0.999986, -0.00520191, 0.999973, -0.00520199, -0.999986, -0.00520184, 2.7017e-05, 0, 0, 0)
texture = SubResource("GradientTexture2D_wl1qd")

[node name="PathFollow3D9" type="PathFollow3D" parent="SelectOutline"]
transform = Transform3D(4.37114e-08, -3.82136e-15, 0.999998, -8.74228e-08, -0.999998, 0, 1, -8.74226e-08, -4.37113e-08, 0.230133, 0.48, 0)
progress = 2.71014

[node name="Sprite3D" type="Sprite3D" parent="SelectOutline/PathFollow3D9"]
transform = Transform3D(-4.37114e-08, 0.00520206, 0.999986, -0.00520191, 0.999973, -0.00520199, -0.999986, -0.00520184, 2.7017e-05, 0, 0, 0)
texture = SubResource("GradientTexture2D_wl1qd")

[node name="PathFollow3D10" type="PathFollow3D" parent="SelectOutline"]
transform = Transform3D(3.80365e-08, -0.0649128, 0.99789, -8.72384e-08, -0.99789, -0.0649128, 1, -8.45853e-08, -4.36192e-08, 0.312096, 0.480034, 0)
progress = 2.62801

[node name="Sprite3D" type="Sprite3D" parent="SelectOutline/PathFollow3D10"]
transform = Transform3D(-4.37114e-08, 0.00520206, 0.999986, -0.00520191, 0.999973, -0.00520199, -0.999986, -0.00520184, 2.7017e-05, 0, 0, 0)
texture = SubResource("GradientTexture2D_wl1qd")

[node name="PathFollow3D11" type="PathFollow3D" parent="SelectOutline"]
transform = Transform3D(-4.37114e-08, -0.999998, 4.37113e-08, 0, -4.37113e-08, -0.999998, 1, -4.37113e-08, 1.91068e-15, 0.34, 0.426707, 0)
progress = 2.54589

[node name="Sprite3D" type="Sprite3D" parent="SelectOutline/PathFollow3D11"]
transform = Transform3D(-4.37114e-08, 0.00520206, 0.999986, -0.00520191, 0.999973, -0.00520199, -0.999986, -0.00520184, 2.7017e-05, 0, 0, 0)
texture = SubResource("GradientTexture2D_wl1qd")

[node name="PathFollow3D12" type="PathFollow3D" parent="SelectOutline"]
transform = Transform3D(-4.37114e-08, -0.999998, 4.37113e-08, 0, -4.37113e-08, -0.999998, 1, -4.37113e-08, 1.91068e-15, 0.34, 0.342259, 0)
progress = 2.46376

[node name="Sprite3D" type="Sprite3D" parent="SelectOutline/PathFollow3D12"]
transform = Transform3D(-4.37114e-08, 0.00520206, 0.999986, -0.00520191, 0.999973, -0.00520199, -0.999986, -0.00520184, 2.7017e-05, 0, 0, 0)
texture = SubResource("GradientTexture2D_wl1qd")

[node name="PathFollow3D13" type="PathFollow3D" parent="SelectOutline"]
transform = Transform3D(-4.37114e-08, -0.999998, 4.37113e-08, 0, -4.37113e-08, -0.999998, 1, -4.37113e-08, 1.91068e-15, 0.34, 0.261739, 0)
progress = 2.38163

[node name="Sprite3D" type="Sprite3D" parent="SelectOutline/PathFollow3D13"]
transform = Transform3D(-4.37114e-08, 0.00520206, 0.999986, -0.00520191, 0.999973, -0.00520199, -0.999986, -0.00520184, 2.7017e-05, 0, 0, 0)
texture = SubResource("GradientTexture2D_wl1qd")

[node name="PathFollow3D14" type="PathFollow3D" parent="SelectOutline"]
transform = Transform3D(-4.37114e-08, -0.999998, 4.37113e-08, 0, -4.37113e-08, -0.999998, 1, -4.37113e-08, 1.91068e-15, 0.34, 0.179562, 0)
progress = 2.29951

[node name="Sprite3D" type="Sprite3D" parent="SelectOutline/PathFollow3D14"]
transform = Transform3D(-4.37114e-08, 0.00520206, 0.999986, -0.00520191, 0.999973, -0.00520199, -0.999986, -0.00520184, 2.7017e-05, 0, 0, 0)
texture = SubResource("GradientTexture2D_wl1qd")

[node name="StateMachine" type="Node" parent="." node_paths=PackedStringArray("card")]
script = ExtResource("3_5q3v2")
card = NodePath("..")

[node name="pawn" type="Node" parent="StateMachine"]
script = ExtResource("4_ytyle")

[node name="rook" type="Node" parent="StateMachine"]
script = ExtResource("5_o4j58")

[node name="bishop" type="Node" parent="StateMachine"]
script = ExtResource("6_okp10")

[node name="king" type="Node" parent="StateMachine"]
script = ExtResource("5_ku4ih")

[node name="queen" type="Node" parent="StateMachine"]
script = ExtResource("5_ku4ih")

[node name="knight" type="Node" parent="StateMachine"]
script = ExtResource("5_ku4ih")

[connection signal="mouse_entered" from="Area3D" to="." method="_on_area_3d_mouse_entered"]
[connection signal="mouse_exited" from="Area3D" to="." method="_on_area_3d_mouse_exited"]
